14,9
76,7
76,6
76,5
76,4
76,3
76,2
76,1
76,0
75,7
75,6
75,5
75,4
75,3
75,2
75,1
75,0
74,7
74,6
74,5
74,4
74,3
74,2
74,1
74,0
73,7
73,6
73,5
73,4
73,3
73,2
73,1
73,0
72,7
72,6
72,5
72,4
72,3
72,2
72,1
72,0
71,7
71,6
71,5
71,4
71,3
71,2
71,1
71,0
70,7
70,6
70,5
70,4
70,3
70,2
0,538
70,1
70,0
69,7
69,6
69,5
69,4
69,3
69,2
69,1
69,0
68,7
68,6
68,5
68,4
68,3
68,2
68,1
68,0
67,7
67,6
67,5
67,4
67,3
67,2
67,1
67,0
14,8
66,6
66,5
66,4
66,3
66,2
66,1
66,0
65,4
65,3
65,2
65,1
65,0
36,1
36,3
48,4
48,1
48,6
14,5
10,170
10,118
10,4
10,154
10,104
10,2
10,3
11,18
11,16
11,19
11,8
9,2
9,3
8,15
8,7
8,5
8,8
8,2
8,3
0,317
47,6
47,5
47,4
47,3
47,1
26,4
26,3
26,1
25,3
25,1
24,3
24,1
20,3
20,2
20,1
19,3
19,2
19,1
12,3
12,2
12,1
11,30
11,29
11,28
11,27
11,26
11,25
11,24
11,23
11,22
11,21
11,17
11,11
11,10
11,9
11,7
11,6
11,3
11,2
11,1
10,315
10,314
10,313
10,312
